5 5
0   0   6    1   0   4    2   0   3    3   0   4    4 0 6
0.5 0.5 4.75 1.5 0.5 4.0  2.5 0.5 4.0  3.5 0.5 4.75
0   1   4    1   1   5    2   1   4    3   1   5    4 1 4
0.5 1.5 4.0  1.5 1.5 4.75 2.5 1.5 4.75 3.5 1.5 4.0
0   2   3    1   2   4    2   2   6    3   2   4    4 2 3
0.5 2.5 3.5  1.5 2.5 4.75 2.5 2.5 4.75 3.5 2.5 3.5
0   3   3    1   3   4    2   3   5    3   3   4    4 3 3
0.5 3.5 4.25 1.5 3.5 5.0  2.5 3.5 5.0  3.5 3.5 4.25
0   4   5    1   4   5    2   4   6    3   4   5    4 4 5
